0.9136219187308116 0.9319031146220988 0.5968245835163499
0.38039661270055003 0.16746382924095882 0.9727028416750825
0.947935049839701 0.13766352196734832 0.6149004856600279
0.6412858526833264 0.03142798505426758 0.6735752286448958
0.6870392767435781 0.7024565933391224 0.9788500041913779
0.9673105429706139 0.16765441230682188 0.005857718946460699
0.6798117193728626 0.4635177168177812 0.6149513059842023
0.7170935097707575 0.7065737836121841 0.3872745105788348
0.9210947444657652 0.1037843111395006 0.9212891780596184
0.2624147828691281 0.5888009079857294 0.8132915089444841
